"longitude","latitude"
38.3421776146444,6.5299549185243
38.3423131985631,6.53001841444336
38.3425484838203,6.52991922048172
38.342376663116,6.52990090509296
38.3423948936561,6.52979238223822
38.3422863368191,6.5298103316226
38.3424675796464,6.52953920158746
38.3425309378727,6.52950310206102
38.3420331162578,6.52979190983585
38.341147293978,6.52938370219142
38.3402975798744,6.52902981371357
38.340469589553,6.52890340120052
38.340469589553,6.52890340120052
38.340469589553,6.52890340120052
38.340469589553,6.52890340120052
38.340469589553,6.52890340120052
38.340469589553,6.52890340120052
38.340469589553,6.52890340120052
38.3410859942177,6.54166747914284
38.3410859942177,6.54166747914284
38.3411762747942,6.54179423510845
38.3416920802706,6.54159590857481
38.3416920802706,6.54159590857481
38.3416920802706,6.54159590857481
38.3417646860389,6.54140604708618
38.3417646860389,6.54140604708618
38.3417646860389,6.54140604708618
38.3417827753245,6.54140607076395
38.3425421351826,6.54170556730325
38.3425421351826,6.54170556730325
38.3425421351826,6.54170556730325
38.342750008457,6.54182343121021
38.342750008457,6.54182343121021
38.342750008457,6.54182343121021
38.3427040640397,6.54237514974877
38.3416459689673,6.54227426437359
38.5126657010425,6.75314521886743
38.5126211178487,6.7524848354703
38.5125665989186,6.75271092438622
38.511472332067,6.75207662736353
38.511472332067,6.75207662736353
38.511472332067,6.75207662736353
38.5097616881492,6.75250005949094
38.5097616881492,6.75250005949094
38.5089839226112,6.75207412720792
38.5089929622537,6.75208318204593
38.5095906084352,6.75165863418387
38.5095906084352,6.75165863418387
38.5103064146116,6.75070955158464
38.5115191177039,6.75053889907241
38.5117450188225,6.75085572612848
38.5130655836759,6.75140883683867
38.5133098909784,6.75141812653086
38.5138163413576,6.75169904977556
38.5138163413576,6.75169904977556
38.5130283759254,6.75242192234029
38.5198324945184,6.76217093969409
38.5198324945184,6.76217093969409
38.5198324945184,6.76217093969409
38.5198324945184,6.76217093969409
38.5198324945184,6.76217093969409
38.5198324945184,6.76217093969409
38.5198324945184,6.76217093969409
38.5198324945184,6.76217093969409
38.5198324945184,6.76217093969409
38.5198324945184,6.76217093969409
38.52005875428,6.76213497986419
38.52005875428,6.76213497986419
38.52005875428,6.76213497986419
38.52005875428,6.76213497986419
38.52005875428,6.76213497986419
38.52005875428,6.76213497986419
38.52005875428,6.76213497986419
38.52005875428,6.76213497986419
38.6383530650164,7.09965516612383
38.6383530650164,7.09965516612383
38.6384250360817,7.10026128745587
38.6384250360817,7.10026128745587
38.6387149690097,7.10006250677706
38.637847404887,7.0978003930552
38.636579279711,7.09825168940175
38.6362626210071,7.09788961141596
38.6330707761835,7.10332359174796
38.6331520471962,7.10361311982409
38.6327438411743,7.10449927958158
38.6303350731941,7.10446118283995
38.6303350731941,7.10446118283995
38.6309029651781,7.10773619312749
38.6309029651781,7.10773619312749
38.6301610712397,7.10689434808243
38.6301610712397,7.10689434808243
38.6264437687252,7.10121969089391
37.9333803748151,8.08398151677745
37.9333803748151,8.08398151677745
37.9333803748151,8.08398151677745
37.9333803748151,8.08398151677745
37.9334361062816,8.08349328608746
37.9334361062816,8.08349328608746
37.9334361062816,8.08349328608746
37.9334361062816,8.08349328608746
37.934561138248,8.0835866597938
37.934561138248,8.0835866597938
37.934561138248,8.0835866597938
37.934561138248,8.0835866597938
37.9348955519051,8.08410303957448
37.9348955519051,8.08410303957448
37.9350596805643,8.08380501498406
37.9350596805643,8.08380501498406
37.9355143434366,8.08345348287437
37.9355143434366,8.08345348287437
37.9355143434366,8.08345348287437
37.93488982225,8.08282781977153
37.8568275184647,8.15408080320003
37.8568275184647,8.15408080320003
37.8568275184647,8.15408080320003
37.8568275184647,8.15408080320003
37.8568275184647,8.15408080320003
37.8568275184647,8.15408080320003
37.8568275184647,8.15408080320003
37.8568275184647,8.15408080320003
37.8568275184647,8.15408080320003
37.8568275184647,8.15408080320003
38.0843380268196,8.24575327841234
38.0843380268196,8.24575327841234
38.0843380268196,8.24575327841234
38.0839657531452,8.24577051680903
38.083574863592,8.2459866875305
38.083574863592,8.2459866875305
38.083574863592,8.2459866875305
38.0834754130338,8.2458055736693
38.0832761996559,8.24557901009672
38.0832761996559,8.24557901009672
38.0831293339004,8.24627508749933
38.0831293339004,8.24627508749933
38.0831293339004,8.24627508749933
38.0831293339004,8.24627508749933
38.0831192130435,8.24672728069324
38.0832732200906,8.24687234207988
38.0833914118676,8.24680025768546
38.0825741275916,8.24687978734697
38.0230793175506,8.1282240244503
38.023497295138,8.12802605542395
38.0238324951047,8.12828009865785
38.0238324951047,8.12828009865785
38.0238324951047,8.12828009865785
38.0242594829183,8.12810928313217
38.0243775802954,8.12806434534946
38.0243774491792,8.12811861041657
38.0243774491792,8.12811861041657
38.0244134691381,8.12823627183234
38.0243312823811,8.12844409192852
38.0243312823811,8.12844409192852
38.0243312823811,8.12844409192852
38.0249296224193,8.12872589839049
38.0249296224193,8.12872589839049
38.0248736153378,8.12936790448707
38.0248736153378,8.12936790448707
38.0240039773899,8.12867845638061
38.476392927895,7.10260331624862
38.476392927895,7.10260331624862
38.476392927895,7.10260331624862
38.476392927895,7.10260331624862
38.476392927895,7.10260331624862
38.476392927895,7.10260331624862
38.476392927895,7.10260331624862
38.476392927895,7.10260331624862
38.476392927895,7.10260331624862
38.476392927895,7.10260331624862
38.4016621822045,6.7112038620757
38.4016621822045,6.7112038620757
38.4016621822045,6.7112038620757
38.4016621822045,6.7112038620757
38.4016621822045,6.7112038620757
38.4016621822045,6.7112038620757
38.4016621822045,6.7112038620757
38.4016621822045,6.7112038620757
38.4016621822045,6.7112038620757
38.4016621822045,6.7112038620757
38.4016621822045,6.7112038620757
38.4016621822045,6.7112038620757
38.4016621822045,6.7112038620757
38.4016621822045,6.7112038620757
38.4016621822045,6.7112038620757
38.4016621822045,6.7112038620757
38.4016621822045,6.7112038620757
38.4016621822045,6.7112038620757
38.4016621822045,6.7112038620757
38.4016621822045,6.7112038620757
